index	Ideges	Feszült
3	1	1
4	4	4
8	4	4
25	5	5
28	2	2
30	1	2
41	1	2
54	2	2
57	4	4
60	4	4
62	1	1
65	1	1
67	4	4
70	5	6
76	5	5
80	2	2
92	4	4
95	1	1
103	4	4
105	1	1
113	1	1
119	3	3
123	6	6
129	3	4
131	3	3
134	2	2
141	4	5
143	2	2
146	1	5
147	6	6
152	1	1
162	2	1
167	3	3
169	1	1
171	6	6
174	1	2
176	4	4
179	4	4
182	1	1
184	6	5
189	3	3
191	6	6
192	2	4
199	5	5
201	2	2
211	1	2
216	2	2
220	2	2
222	1	2
223	2	2
230	1	1
235	2	2
238	3	3
241	5	5
250	4	4
257	1	1
258	2	2
268	3	3
271	3	3
272	1	1
278	4	4
279	2	2
285	4	4
291	2	2
292	2	2
299	4	2
305	1	3
307	1	1
311	1	1
318	2	4
321	2	4
322	4	4
324	2	2
326	1	2
327	3	5
332	2	3
341	2	2
344	2	2
345	2	2
349	2	2
351	2	2
356	1	1
361	2	2
363	2	3
369	2	1
370	3	3
380	2	2
396	2	1
397	4	4
401	2	4
402	5	5
417	4	4
421	2	2
426	1	1
441	4	5
443	1	1
449	2	1
453	1	1
457	2	2
466	1	1
485	2	3
491	1	1
492	2	2
500	2	2
506	2	2
510	2	2
511	2	2
514	1	1
517	1	1
518	3	3
519	2	3
522	2	3
524	3	3
529	4	4
531	4	3
536	4	3
549	2	2
552	3	3
554	4	1
564	3	3
568	3	3
577	3	3
580	4	4
583	1	1
595	2	2
599	1	1
603	1	1
604	2	2
606	1	1
608	2	3
609	1	1
615	2	6
621	4	4
623	2	5
635	4	4
641	2	2
643	2	2
646	4	5
647	3	3
651	3	3
653	3	2
659	4	2
664	1	1
669	3	3
673	1	1
685	2	3
686	3	3
687	6	6
691	2	2
693	2	1
695	3	3
698	2	1
701	4	4
707	1	1
710	2	2
711	1	1
712	6	6
715	1	1
716	2	2
718	6	6
719	3	3
721	4	4
724	2	2
727	3	2
728	1	1
729	2	3
738	1	1
740	1	2
742	4	4
760	1	1
763	3	2
765	4	4
767	1	1
774	1	1
780	3	2
781	2	2
786	3	3
787	1	1
793	1	1
796	1	2
798	5	5
799	2	2
806	1	1
807	3	3
808	3	2
809	4	5
813	2	2
815	1	1
816	2	2
818	4	3
825	3	3
829	4	5
830	1	1
833	2	1
835	1	1
836	5	5
840	3	2
855	1	1
856	1	1
873	2	2
874	5	5
875	3	3
876	2	3
884	1	1
885	1	1
890	2	3
892	1	1
894	4	4
895	3	4
896	3	3
898	3	3
899	2	2
903	3	3
906	4	4
907	4	4
909	1	1
910	2	2
919	6	6
922	2	2
923	2	1
924	2	3
926	3	3
962	4	4
963	4	4
967	1	1
973	6	6
974	5	4
978	3	3
985	3	3
986	2	2
989	1	2
995	4	3
1005	2	2
1006	5	5
1011	3	3
1014	4	3
1015	1	1
1018	5	5
1020	2	2
1022	3	3
1025	3	5
1029	1	2
1030	2	2
1041	1	1
1044	1	1
1045	4	4
1048	1	2
1050	5	5
1057	2	2
1067	5	5
1073	5	6
1075	2	2
1081	2	2
1085	3	3
1086	2	2
1089	1	2
1096	2	3
1105	3	3
1111	5	5
1112	1	1
1113	1	1
1114	5	5
1121	1	1
1122	4	3
1125	4	3
1126	4	4
1127	4	4
1129	3	3
1130	2	2
1131	4	4
1133	3	3
1135	1	1
1138	3	3
1139	2	2
1140	2	3
1141	3	3
1142	1	1
1145	1	1
1147	2	2
1149	3	3
1150	5	5
1151	2	2
1153	1	1
1158	3	5
1159	2	3
1161	1	2
1164	5	6
1165	5	5
1169	1	1
1172	6	6
1173	2	2
1174	3	3
1177	3	3
1178	1	1
1184	3	4
1186	2	1
1188	3	4
1189	3	3
1191	1	1
1195	1	2
1196	1	1
1200	4	4
1203	3	3
1204	2	1
1205	2	1
1206	1	2
1209	2	3
1215	2	2
1217	2	3
1218	1	1
1219	3	3
1224	3	3
1226	1	2
1228	1	1
1229	1	2
1233	3	3
1234	4	4
1236	1	1
1240	1	2
1243	1	2
1246	4	3
1248	2	2
1251	3	3
1253	4	4
1256	3	3
1257	2	2
1258	2	2
1260	4	4
1261	3	5
1262	1	1
1263	3	3
1264	3	3
1270	3	3
1271	1	1
1272	3	3
1273	4	5
1278	5	5
1279	2	2
1283	1	1
1284	2	2
1287	1	1
1289	1	1
1291	2	2
1295	1	2
1296	2	3
1301	3	3
1303	2	2
1305	1	1
1308	5	5
1310	1	1
1312	2	2
1313	2	2
1314	1	1
1315	3	3
1319	5	5
1320	4	3
1324	2	5
1325	4	5
1326	4	4
1329	5	6
1331	3	3
1332	3	4
1333	1	1
1338	4	4
1341	4	3
1343	2	2
1345	4	4
1349	2	2
1350	1	1
1351	1	5
1356	5	3
1357	3	3
1359	2	2
1360	2	2
1361	1	2
1364	2	2
1365	1	1
1369	1	1
1371	2	2
1374	4	4
1378	4	5
1384	3	3
1388	1	2
1393	5	5
1396	1	2
1397	3	3
1403	5	5
1410	3	3
1415	4	4
1416	2	2
1417	2	1
1420	1	1
1422	2	2
1426	2	2
1427	2	2
1429	2	2
1432	2	2
1433	1	1
1435	1	1
1437	2	2
1442	4	4
1443	2	2
1447	1	1
1451	2	2
1453	6	6
1455	2	2
1467	2	2
1470	2	2
1474	2	2
1476	3	3
1478	3	3
1480	6	6
1484	2	2
1485	1	1
1486	1	2
1487	1	1
1490	2	2
1494	2	2
1495	3	3
1498	1	1
1501	2	2
1506	2	3
1507	3	3
1510	1	1
1511	1	1
1514	1	1
1515	1	2
1516	2	2
1518	4	4
1521	3	3
1523	1	2
1524	1	2
1530	4	4
1533	2	2
1538	2	3
1541	2	3
1547	2	2
1550	1	1
1551	4	3
1554	2	2
1556	2	2
1561	2	2
1563	1	1
1564	1	1
1565	1	1
1568	1	1
1571	1	1
1574	1	1
1576	3	3
1577	3	3
1581	4	4
1582	1	1
1583	3	2
1585	1	1
1586	1	1
1588	2	2
1594	1	1
1598	4	3
1603	1	1
1607	3	4
1611	1	1
1612	5	5
1620	6	6
1622	1	1
1626	2	2
1627	1	2
1628	1	2
1629	2	2
1631	6	5
1633	1	1
1635	2	3
1638	5	5
1646	4	4
1654	6	6
1655	1	1
1657	1	1
1659	1	1
1665	4	4
1668	1	2
1671	4	4
1682	2	2
1685	4	4
1687	3	2
1688	4	3
1690	1	1
1691	2	1
1695	2	2
1696	3	3
1710	1	2
1713	1	1
1720	1	1
1723	5	5
1724	3	3
1726	2	3
1728	5	5
1732	2	2
1737	1	1
1738	1	1
1739	2	2
1740	4	3
